time,x,y,z,phi,theta,psi,x_velocity,y_velocity,z_velocity,phi_velocity,theta_velocity,psi_velocity,rotor_speed1,rotor_speed2,rotor_speed3,rotor_speed4
0.06,7.84914565258e-08,1.67426524413e-06,10.0016103071,0.00114760684887,6.2829158641,0.0,1.35384990352e-05,0.00012466244918,0.0536753448086,0.0423988066578,-0.015465871302,0.0,421.9521806229547,420.61522568484446,420.77717732407996,424.4311537686079
0.12000000000000001,1.04736896373e-05,4.43564999945e-05,10.0087504722,0.00394588910687,6.28189631901,0.0,0.000436515646131,0.00158386503092,0.184316658694,0.0539936841556,-0.020234848436,0.0,445.90392035197533,445.5143120507594,446.8669211702406,447.81217987943336
0.18,6.63649276296e-05,0.000228525374072,10.0217605732,0.00680361779317,6.28066008317,0.0,0.0015451318939,0.00485482227665,0.249339172198,0.030177350676,-0.0213524333566,0.0,425.5120819714292,425.416409524889,426.9649071393378,424.9299015476509
0.23999999999999996,0.000225278198165,0.000690629453063,10.0429953715,0.0085672229367,6.27923773903,0.0,0.00391098307329,0.0107594350828,0.458424335598,0.0277778413115,-0.0288845261281,0.0,471.73177627909473,471.1498570771117,469.32761397835566,469.1415816633611
0.3,0.000541339892275,0.00150556467177,10.0719317052,0.0101218827104,6.27760444112,0.0,0.00678280043814,0.0165569638132,0.506097700972,0.021888860956,-0.0240880554319,0.0,420.04133832983814,420.45679907507605,420.4302850786984,419.9199965310082
0.36000000000000004,0.00108815895585,0.00274703746973,10.1085810808,0.0112584344935,6.27632113437,0.0,0.0116045592518,0.0249699997399,0.715437671399,0.0122810707576,-0.0164729615049,0.0,469.91488154783195,470.5047442342394,471.4215836788918,470.67864904908464
0.4200000000000001,0.00196947241859,0.00454547502841,10.1601832697,0.0121368604389,6.27571289002,0.0,0.0178718387118,0.035080949867,1.00442471995,0.0189845515987,0.000213434716199,0.0,493.07695817457875,494.3080969724486,493.69007794733034,494.1842476686961
0.48000000000000015,0.00319647921512,0.00690617188289,10.223516794,0.0131606733028,6.27587276351,0.0,0.0230184196093,0.0437186971895,1.10659757032,0.0129147622231,0.00716448231457,0.0,438.1986443072967,438.77597690893356,439.0480204272697,438.5441216316543
0.5400000000000001,0.00473624672116,0.00982240571854,10.2941767908,0.0148795903681,6.27612636358,0.0,0.0282682722723,0.0536338668621,1.2485891458,0.0491634606536,-0.00241387288771,0.0,452.3868500022628,451.61494929894894,449.1010574561066,452.03150761424473
0.6000000000000002,0.00658993132523,0.0133840844876,10.3737196344,0.017576935782,6.27626645729,0.0,0.0335186746584,0.0653984270012,1.4026571589,0.034831532917,0.0104533346604,0.0,455.4467456508859,456.47456995249445,455.2365985480254,454.08956148205255
0.6600000000000003,0.00874933276961,0.0177002086671,10.462024624,0.0191117756187,6.27694493213,0.0,0.0383897973959,0.0786811572415,1.5406626828,-0.00873702783998,0.012964510413,0.0,449.81133651429747,450.01450712528344,453.3947459454472,449.8811867180526
0.7200000000000003,0.0111898562354,0.0228486746486,10.5592983838,0.0182252801846,6.27735824208,0.0,0.0428887712755,0.0928561035775,1.7015717912,-0.0309687233435,-0.00945146339395,0.0,457.6853474177997,455.8978843770203,460.4209741227446,458.6589292447049
0.7800000000000004,0.0139019645367,0.0288384622918,10.6671171835,0.0167116754516,6.27662032155,0.0,0.0475875219898,0.10660554324,1.89209520692,-0.0156895943486,-0.0187068549753,0.0,468.0311747886206,467.3104532773651,466.82235103799593,468.0128793814997
0.8400000000000004,0.0168846772703,0.0355467653547,10.7818133308,0.0164379970378,6.27553599364,0.0,0.0519383223489,0.116952380856,1.93104436241,0.0115241805436,-0.0168320659853,0.0,420.4438876816558,420.6063202348465,419.6910093831508,422.04631273833064
0.9000000000000005,0.0201590544826,0.0428981256936,10.9002029048,0.017252295619,6.27460238219,0.0,0.0573031286244,0.128165550804,2.01512753136,0.0173806377809,-0.0131307248464,0.0,435.266527848012,435.5762506353717,435.3693502744539,435.85894004204783
0.9600000000000005,0.0238178477918,0.0510297392657,11.0287811041,0.0184197078152,6.27328906414,0.0,0.0647680284306,0.143018116006,2.27033716913,0.0233155192628,-0.0519749584096,0.0,489.94613684043725,487.04956425607554,486.17414701069526,486.6185150229405
1.0200000000000005,0.0279066837231,0.0599718725849,11.1666973463,0.0196704275221,6.27001530343,0.0,0.0718301833532,0.155177541988,2.3267507126,0.0153807766961,-0.0603156284982,0.0,428.42160034045685,427.70972540025576,428.23372672931725,427.55827259026114
1.0800000000000005,0.032486994913,0.0696700006358,11.308200227,0.0203799730504,6.26656577255,0.0,0.0811857702743,0.168170169712,2.38987417862,0.00354927575287,-0.0523732135969,0.0,430.06549425226547,430.7352566470516,430.94876187243125,429.94743969604565
1.1400000000000006,0.037776810121,0.0802566929068,11.4582661761,0.0207532549745,6.26328962622,0.0,0.0955177970393,0.18474477845,2.61183482465,0.0110916987605,-0.0594799170818,0.0,478.77719302788626,478.23443266829787,479.9407982836063,480.5127936607423
1.2000000000000006,0.0439423258022,0.0917817056039,11.6184456262,0.0212427267026,6.2594229464,0.0,0.110378817845,0.19947692694,2.72720054706,0.00152780977765,-0.0768962086864,0.0,449.11904937878637,447.7011229306424,448.69693271199554,447.9197325389577
1.2600000000000007,0.051182806732,0.104283682433,11.7895394939,0.0214106746732,6.25532088212,0.0,0.131490459145,0.217257788816,2.97529996738,0.00522787628453,-0.0552301519094,0.0,487.6939783874435,489.3063065697948,488.27110999027207,488.54700876331117
1.3200000000000007,0.0597300016345,0.117814808065,11.9735170541,0.021954443323,6.25256505201,0.0,0.153742957058,0.233818296309,3.15678794641,0.0158011867944,-0.0318798971178,0.0,470.48717447257025,472.29031690665664,468.8732604925708,469.693867194786
1.3800000000000008,0.0696960835085,0.132372791518,12.1691996241,0.0231412426124,6.25073349752,0.0,0.178661899002,0.251561005626,3.365360241,0.0267399119769,-0.0279472671213,0.0,479.41444098106547,479.7129231783088,478.63510129951925,479.4668221017645
1.4400000000000008,0.0810692610247,0.147932580322,12.3734008627,0.0247254551178,6.24895546627,0.0,0.200605869964,0.267249387868,3.44110876418,0.0257222683456,-0.0332398480178,0.0,440.3887150346452,439.9504203523454,440.31152559226405,440.227479086307
1.5000000000000009,0.0937319902764,0.164419817083,12.5803372348,0.026445390084,6.24775756723,0.0,0.221618271386,0.282469635119,3.45671011813,0.0339826870798,-0.00170479386773,0.0,419.61320733049814,422.3418931318254,421.13229448877655,421.8465057804241
1.560000000000001,0.107705992804,0.181879016409,12.7891822033,0.0285783513842,6.24790300374,0.0,0.244172530998,0.299695791929,3.5046326124,0.0385111215101,0.00961426290651,0.0,432.09925308911625,433.0524288993814,431.1294697455152,431.5125265210172
1.620000000000001,0.123074335947,0.20045166477,13.0022140727,0.0303763031056,6.24811479724,0.0,0.268050278537,0.319601840852,3.59613547246,0.00140480038238,-0.0128421150385,0.0,446.24643893713477,444.4094541682618,448.4879971607228,445.4640926869962
1.680000000000001,0.139741235024,0.220130184101,13.2169133475,0.0302606607188,6.24719299152,0.0,0.287584702944,0.336349997488,3.56061223271,-0.00960172807636,-0.0209541560004,0.0,405.0132185458471,404.28298044604736,406.0231965980422,405.03449899037366
1.740000000000001,0.157587647503,0.24080180095,13.4292294021,0.029283029255,6.24584360787,0.0,0.307404522079,0.352647540539,3.51672029177,-0.0350910818505,-0.0257523619135,0.0,401.95849570713693,401.5233094521959,403.30742723211057,400.9984230140347
1.8000000000000012,0.176646803365,0.262430776025,13.638933767,0.0270648309292,6.24408766158,0.0,0.32803691922,0.368144883257,3.47355502534,-0.0410196941274,-0.0374270256907,0.0,402.27060253213386,401.21157870096795,402.3171428088595,401.7791557236116
1.8600000000000012,0.197397175589,0.285236911961,13.8567583955,0.0246957236458,6.24235095702,0.0,0.363862321556,0.391708375578,3.7862749574,-0.0365809043329,-0.0158597853364,0.0,509.52018389967606,511.05957802145906,510.8466733407184,511.162528977598
1.9200000000000013,0.220124639149,0.309266880085,14.0881424518,0.0224437574893,6.24110087965,0.0,0.393814587336,0.409036439841,3.92605321674,-0.0395074032226,-0.0333251631387,0.0,464.33102329683624,462.9587517332339,462.3411639413532,462.10991288683135
1.9800000000000013,0.244645121896,0.33426796073,14.3270827342,0.0202883088383,6.2387131712,0.0,0.423739037048,0.424087185376,4.03822313155,-0.0295803528929,-0.057669275482,0.0,456.79136406235585,454.8448577981953,454.80745034179074,455.60133170789385
2.0400000000000014,0.270964999691,0.360105444588,14.5716083667,0.0185578562368,6.23536347829,0.0,0.453910737483,0.436981979351,4.11234828342,-0.0274017159098,-0.0523806067044,0.0,443.88363926562835,444.3153483923398,444.87869608784564,445.0568251272686
2.1000000000000014,0.299369749718,0.386760976648,14.824906591,0.0167689702341,6.23250944518,0.0,0.493229617014,0.451313809571,4.33010264733,-0.0351388691332,-0.0393567910546,0.0,487.60148293728304,488.5723423875717,488.63120616305895,488.0538350121529
2.1600000000000015,0.33006190108,0.414186680713,15.0885868464,0.014757034607,6.23033057602,0.0,0.530054637499,0.462646496705,4.45872880492,-0.0304990685703,-0.0308361840826,0.0,462.57510200268564,463.2451006932507,464.1795713918801,464.5431726090193
2.2200000000000015,0.363128890254,0.442282186474,15.3622587835,0.0126256952276,6.22881464562,0.0,0.572327130565,0.473626315492,4.66284139621,-0.0481676923964,-0.0159677100399,0.0,486.15259959718526,487.2654142873796,487.75929914008316,486.4373750901079
2.2800000000000016,0.398516222467,0.47092557191,15.6436340326,0.0097267332584,6.22770625358,0.0,0.607332554479,0.480871829711,4.71610790926,-0.0486142753109,-0.0240247601285,0.0,444.2744718785986,443.61333894429924,442.32596266719514,442.28773879031615
2.3400000000000016,0.436284494745,0.499989606442,15.9328376212,0.00644512198849,6.22644424096,0.0,0.651715653451,0.487557708689,4.92312824565,-0.0710351849817,-0.0156377835579,0.0,489.9360152563515,490.55929619647463,490.1693596783551,488.4982904058063
2.4000000000000017,0.476430502069,0.529338533967,16.22897388,0.00208572521629,6.22534645714,0.0,0.686565987012,0.490343210768,4.94796786721,-0.076112406551,-0.0242281661192,0.0,436.2007840539171,435.4827583694575,437.2363195594262,436.80886542706287
2.4600000000000017,0.518723628209,0.558773113867,16.5272033991,6.28050726733,6.22394453679,0.0,0.723322895837,0.490367842916,4.99281106104,-0.0869350722657,-0.0216934201921,0.0,443.05687105959896,443.2651962459161,443.3995434238283,442.50426731821653
2.520000000000002,0.563465665524,0.588102219412,16.8317924834,6.27485023875,6.22291341865,0.0,0.768158148266,0.486666903239,5.15940703917,-0.116012151271,-0.00942402230579,0.0,479.2418089514015,480.17368845606126,482.3176623716662,480.1090733026308
2.580000000000002,0.610827699753,0.617088450886,17.144901178,6.26903479279,6.22277335257,0.0,0.810571665715,0.478887981585,5.27700619096,-0.0736942577057,0.00901285624225,0.0,467.3062235650291,468.74142749647524,465.2260549245425,468.5196883985044
2.640000000000002,0.660943125398,0.64543952425,17.4685560494,6.26454518573,6.22335757322,0.0,0.859799947549,0.465619146507,5.51038582534,-0.0771925026725,0.0111473747861,0.0,500.85564476407717,501.0107464216775,503.2687749784152,503.0117995147012
2.700000000000002,0.713662417898,0.672990750133,17.8006386065,6.26000166208,6.22401046666,0.0,0.897425180034,0.45232377608,5.55879530944,-0.0729432873817,0.0103445524716,0.0,450.07589472727386,450.01077599492095,449.0818208360542,449.42196612464454
2.760000000000002,0.768767784295,0.69959950709,18.1380475854,6.25561947637,6.22516370356,0.0,0.93927514477,0.434182454099,5.68753314096,-0.0732232608994,0.0327780109598,0.0,473.68670261499443,475.4089368488412,474.5643941559024,474.5391333890706
2.820000000000002,0.82646853699,0.72496707331,18.4852123898,6.25108043938,6.22798989073,0.0,0.983725208706,0.410910539561,5.88364358769,-0.0810072742307,0.0663529045287,0.0,494.2028332075763,496.67273745540933,495.4549485947248,494.8783475419399
2.880000000000002,0.886414622983,0.74903901438,18.8378250687,6.24740038631,6.23224071089,0.0,1.01411507302,0.391132482591,5.8702043045,-0.0376604534547,0.0785841457045,0.0,433.77584785567757,434.8059025456229,431.6725208129112,435.3121817642067
2.940000000000002,0.948159323474,0.771828570249,19.1907071131,6.24513021791,6.23686105846,0.0,1.04359714541,0.36831939527,5.89244238953,-0.0381897622354,0.0736479851144,0.0,444.71806300509803,444.3181685770319,445.7082425267948,445.66429388441685
3.000000000000002,1.01159671759,0.79319868839,19.545164381,6.24277716896,6.24093730504,0.0,1.07056704039,0.343812139782,5.92266635367,-0.0413559240125,0.0529548866596,0.0,448.0673983997569,446.38492680194065,448.50895427070014,448.2509267741763
3.0600000000000023,1.07647411525,0.813155609604,19.8989589542,6.24008125492,6.24432802031,0.0,1.09174807017,0.321203784703,5.87076959166,-0.0532628259039,0.0628133801374,0.0,421.16459320910224,422.018931274486,422.03199379603114,421.00146609427
3.1200000000000023,1.14273507421,0.831514200502,20.2541385149,6.23651825853,6.248123995,0.0,1.11653199317,0.29043260326,5.96806046964,-0.0758804494771,0.0641565239762,0.0,468.14531126766065,468.2525123680104,468.8506342161535,467.0872920493724
3.1800000000000024,1.21020952742,0.848213353327,20.6095788586,6.23224046597,6.25199556754,0.0,1.13233023059,0.265856143926,5.88042257077,-0.0634259192749,0.0652551649175,0.0,409.57179160690174,409.6729544394235,409.69517839072313,410.79686399897867
3.2400000000000024,1.27865854973,0.863226020391,20.9626540216,6.22831475256,6.25609852682,0.0,1.14893200194,0.234227023266,5.88871920655,-0.0697668179153,0.0739977077492,0.0,440.8385923320208,441.56408697864043,440.27834269799814,439.7500778835718
3.3000000000000025,1.3479573606,0.87641365755,21.3136411866,6.22418809339,6.26036881525,0.0,1.16069236337,0.20502400922,5.81126404444,-0.0668702505705,0.0648204761072,0.0,413.09804570526137,412.2921147500682,412.01957604832074,412.2716575760037
3.3600000000000025,1.41800899484,0.887475995721,21.6651730208,6.2199075466,6.26480426749,0.0,1.17391045887,0.163332827355,5.90598334455,-0.0822532282015,0.0877441549286,0.0,465.0576837600476,466.8539284406085,467.8688130693801,466.6656523622478
3.4200000000000026,1.48877667024,0.89586554292,22.0236356296,6.21497255593,6.26976499084,0.0,1.18443071981,0.115834485808,6.04206329536,-0.0822430826019,0.0699026956229,0.0,480.21562307226316,478.8650233624109,480.16977153042944,480.1656031127133
3.4800000000000026,1.55996709755,0.901851608808,22.3822634603,6.20958256016,6.27372090847,0.0,1.18829943559,0.0833080133348,5.91287606204,-0.112758650494,0.056497398809,0.0,397.09340395838194,395.8652177190233,397.3403843299973,394.5237318346011
3.5400000000000027,1.63137501719,0.905465252508,22.7376976566,6.20264978254,6.27711930785,0.0,1.19164512438,0.0365356535271,5.93479186698,-0.121796641574,0.0569235416017,0.0,445.3762550391552,445.41329673053673,445.4974311599307,444.7456884816106
3.6000000000000028,1.70291496507,0.906206161012,23.0936781557,6.19507990096,6.28027956622,0.0,1.19272274404,-0.0124839934883,5.93120844124,-0.136755079816,0.0424153574002,0.0,437.987670205162,436.7809517694735,438.1071304984933,436.8463979921389
3.660000000000003,1.77446821537,0.903748769548,23.4507856732,6.18687030041,6.28285733798,0.0,1.19213830771,-0.0701753283531,5.97210472299,-0.136970092291,0.0440356840843,0.0,451.8314668288087,451.96308771393973,451.28057937410165,451.24621048263054
3.720000000000003,1.84593401962,0.897476652282,23.8123530422,6.17840071038,0.00325846382536,0.0,1.18971319101,-0.139697315195,6.07950212393,-0.151220545094,0.0802884102446,0.0,470.4857952382018,473.2868338989052,473.5337645009571,472.4186642403436
3.780000000000003,1.91718056771,0.887128706806,24.1777768439,6.17001944214,0.00814749611714,0.0,1.18471859741,-0.2060042889,6.1011053605,-0.123191216225,0.0837721891596,0.0,446.4484236435992,446.7379709764362,447.11854479842646,449.37819184270984
3.840000000000003,1.98802873844,0.872584615698,24.5450880562,6.16217575212,0.0131920821602,0.0,1.17640454559,-0.279473206888,6.14230375158,-0.153369514057,0.0846776966291,0.0,453.7433013252173,453.8216245938497,455.34105698555715,452.9038537295089
3.900000000000003,2.05826436183,0.853348238726,24.9159102846,6.15249772258,0.0177936274798,0.0,1.16428969283,-0.362605826882,6.21791311193,-0.18601230164,0.0516365155059,0.0,466.47045621545766,463.88663085711886,466.47837987285334,463.89727033827
3.960000000000003,2.12774635352,0.829353797441,25.2880244715,6.14101839082,0.0207418642628,0.0,1.1515186569,-0.438159638577,6.18592351151,-0.204891893457,0.0436028095276,0.0,432.2967009786576,431.620630667445,433.604691095515,431.9781261260685
4.020000000000002,2.19648972915,0.801148508054,25.6546365467,6.12867232843,0.0231767517393,0.0,1.13974357056,-0.5029289309,6.03514082535,-0.207576252007,0.0337279343661,0.0,391.641230253978,390.72252602321504,391.8252064458714,391.52762567773885
4.080000000000001,2.26441766588,0.768380408969,26.0154340576,6.11586756001,0.0256873374054,0.0,1.12432912233,-0.590384966031,5.99146820703,-0.228821407431,0.0544807015813,0.0,426.48115749753237,428.2513888018812,427.86389804506746,426.00321727497993
4.14,2.33128689422,0.729580776678,26.3769134726,6.10258508079,0.0287725846917,0.0,1.1043414822,-0.704170297106,6.05722044531,-0.209588039248,0.0444678837185,0.0,462.5861143775628,461.7983905561489,461.4522002606672,462.92138235098054
4.199999999999998,2.39684332325,0.683361243979,26.7441130217,6.0902676865,0.0311258862059,0.0,1.08062383222,-0.837651335955,6.18177785617,-0.197854507829,0.0258409399675,0.0,482.0868439910575,480.67767660764287,480.73448218735,481.58491505188755
4.259999999999997,2.46113060443,0.630109593429,27.1124769644,6.07827287209,0.0330612395774,0.0,1.06214404773,-0.938360965477,6.09720443589,-0.204379089278,0.0427117785912,0.0,415.4936850491112,416.97095116229946,417.47676210869434,416.86485373628847
4.319999999999996,2.52414685274,0.569833464541,27.4795396985,6.06580618957,0.0356670027744,0.0,1.0381653272,-1.07191929091,6.13764677817,-0.215614767109,0.0448269117076,0.0,457.303755182163,457.47323148575344,457.87692639443543,456.94068751190116
4.379999999999995,2.58564794126,0.501148673377,27.8496881597,6.05266922213,0.0380999261796,0.0,1.0116368777,-1.21871841827,6.19988004832,-0.22661326977,0.0302158346425,0.0,465.46781092082426,464.3234867581668,466.4280934195988,465.52297876189664
4.439999999999993,2.64559897973,0.423917152818,28.2213268028,6.03961591017,0.0398752622641,0.0,0.986583392511,-1.35677328665,6.18771131288,-0.203803179635,0.02830492052,0.0,442.81082533943163,442.6538352417001,443.2265875413958,445.0502857858488
4.499999999999992,2.70394829252,0.337765976442,28.5938380135,6.02750976062,0.0412774454099,0.0,0.958266593645,-1.51595866042,6.22862986761,-0.197989391061,0.0110070407845,0.0,461.58909214371005,460.22173084398656,461.3452267563543,461.7658665409959
4.559999999999991,2.76040743839,0.240795069791,28.9726965093,6.01528081724,0.0419030651645,0.0,0.923690963871,-1.71744023236,6.39845237232,-0.219189296014,0.00924090049082,0.0,500.65592111741296,500.52724137330614,503.40017904449246,501.8274431026001
4.6199999999999894,2.81505482969,0.133198786019,29.3553638916,6.00220563345,0.042191268839,0.0,0.89786289571,-1.87016226166,6.35682180757,-0.215498658364,-0.00601058835486,0.0,439.3356794242733,438.06892682349496,439.68853822403344,439.9467571383965
4.679999999999988,2.86814608921,0.0161802618322,29.7356279047,5.98927118899,0.0416869024506,0.0,0.871897954991,-2.03149399018,6.31827809926,-0.215725056931,-0.0136884858052,0.0,441.66946915776106,441.035736902342,440.69130079096703,440.62624476203405
4.739999999999987,2.91957184208,-0.111578852974,30.116289596,5.97603501132,0.0406335316315,0.0,0.842426183502,-2.22819843906,6.36945225076,-0.232754009378,-0.0267023737344,0.0,470.73736354466047,469.7290861953343,472.01943898558346,470.65757388807344
4.799999999999986,2.96938358643,-0.250436945051,30.4969348703,5.96190664859,0.0391689196427,0.0,0.818110919433,-2.4015131077,6.31830871728,-0.241541908656,-0.0201808167062,0.0,439.046347131388,439.58713763988095,440.7028016343325,439.9196395743989
4.859999999999984,3.0178027385,-0.39959968595,30.8734680479,5.94726036811,0.0381257012949,0.0,0.795957601669,-2.57171289018,6.23254212019,-0.249784968529,-0.0123151873937,0.0,428.891428206287,429.559190479771,429.1507172396021,428.3881239095603
4.919999999999983,3.06496987202,-0.558680402054,31.2433074204,5.93256456281,0.0370394175958,0.0,0.776339074717,-2.7321177674,6.09545602889,-0.236671680985,-0.0333805740235,0.0,413.01991000397885,411.1572679744035,410.2758696660828,411.37322702252715
4.979999999999982,3.11074681597,-0.729798473735,31.6108512566,5.91816254904,0.0349244834583,0.0,0.749815617097,-2.97290850408,6.15467539543,-0.247768323437,-0.0392741644205,0.0,477.7769607467607,477.3268607912615,478.25515052052003,477.3556809167378
5.0399999999999805,3.15507401446,-0.914674834399,31.9793080473,5.90343643372,0.032697177313,0.0,0.727988494477,-3.19075420116,6.12637952175,-0.241144052103,-0.0331322995456,0.0,453.00041226133584,453.49352764297805,451.0259535126813,451.5014513148579
